0.000000 	 2.389866 
5.000000 	 2.357823 
10.000000 	 2.335720 
15.000000 	 2.327188 
20.000000 	 2.291137 
25.000000 	 2.243485 
30.000000 	 2.205756 
35.000000 	 2.193173 
40.000000 	 2.173637 
45.000000 	 2.122145 
50.000000 	 2.076528 
55.000000 	 2.063667 
60.000000 	 2.054338 
65.000000 	 2.044451 
70.000000 	 2.228213 
75.000000 	 2.230429 
80.000000 	 2.146408 
85.000000 	 2.104309 
90.000000 	 2.080670 
95.000000 	 2.077658 
100.000000 	 2.058218 
105.000000 	 2.056247 
110.000000 	 2.044462 
115.000000 	 2.014635 
120.000000 	 2.016416 
125.000000 	 1.982426 
130.000000 	 1.961699 
135.000000 	 1.942819 
140.000000 	 1.886812 
145.000000 	 1.939698 
150.000000 	 1.918500 
155.000000 	 1.885530 
160.000000 	 1.990736 
165.000000 	 1.976461 
170.000000 	 1.948988 
175.000000 	 2.097868 
180.000000 	 1.890537 
185.000000 	 1.960848 
190.000000 	 1.926733 
195.000000 	 1.911452 
200.000000 	 1.901158 
205.000000 	 1.872203 
210.000000 	 1.854057 
215.000000 	 1.869034 
220.000000 	 1.859182 
225.000000 	 1.855985 
230.000000 	 1.869879 
235.000000 	 1.874888 
240.000000 	 1.874834 
245.000000 	 2.072372 
250.000000 	 3.088773 
255.000000 	 3.085497 
260.000000 	 3.060289 
265.000000 	 3.056530 
270.000000 	 3.059908 
275.000000 	 3.052880 
280.000000 	 3.051653 
285.000000 	 3.048212 
290.000000 	 3.039440 
295.000000 	 3.021441 
300.000000 	 3.149219 
305.000000 	 3.136160 
310.000000 	 3.126159 
315.000000 	 3.120823 
320.000000 	 3.105912 
325.000000 	 3.086003 
330.000000 	 3.081399 
335.000000 	 3.074492 
340.000000 	 3.041617 
345.000000 	 3.034256 
350.000000 	 3.021210 
355.000000 	 3.764437 
360.000000 	 3.748787 
365.000000 	 3.739060 
370.000000 	 3.772282 
375.000000 	 4.700988 
380.000000 	 4.673055 
385.000000 	 4.665997 
390.000000 	 4.660239 
395.000000 	 4.651864 
400.000000 	 4.642327 
405.000000 	 4.618773 
410.000000 	 4.608804 
415.000000 	 4.606993 
420.000000 	 4.581038 
425.000000 	 4.576879 
430.000000 	 4.571990 
435.000000 	 4.558447 
440.000000 	 4.547202 
445.000000 	 4.470446 
450.000000 	 4.458612 
455.000000 	 4.454945 
460.000000 	 4.451037 
465.000000 	 4.444268 
470.000000 	 4.438886 
475.000000 	 4.347843 
480.000000 	 4.340362 
485.000000 	 4.345741 
490.000000 	 4.251570 
495.000000 	 4.962022 
500.000000 	 4.960813 
505.000000 	 4.955123 
510.000000 	 4.937337 
515.000000 	 4.986953 
520.000000 	 4.981790 
525.000000 	 4.978594 
530.000000 	 4.974095 
535.000000 	 4.971505 
540.000000 	 4.959053 
545.000000 	 4.959193 
550.000000 	 4.955872 
555.000000 	 4.954488 
560.000000 	 4.944271 
565.000000 	 4.938449 
570.000000 	 4.922305 
575.000000 	 4.919139 
580.000000 	 4.896595 
585.000000 	 4.889014 
590.000000 	 4.888055 
595.000000 	 4.894379 
600.000000 	 4.891380 
605.000000 	 4.883468 
610.000000 	 5.408336 
615.000000 	 5.404908 
620.000000 	 5.380015 
625.000000 	 5.374140 
630.000000 	 5.372531 
635.000000 	 5.372471 
640.000000 	 5.364557 
645.000000 	 5.363310 
650.000000 	 3.598744 
655.000000 	 3.576936 
660.000000 	 3.542489 
665.000000 	 3.538764 
670.000000 	 3.545644 
675.000000 	 3.542840 
680.000000 	 3.532416 
685.000000 	 3.534447 
690.000000 	 3.525869 
695.000000 	 3.522177 
700.000000 	 3.519006 
705.000000 	 3.513774 
710.000000 	 3.512661 
715.000000 	 3.505993 
720.000000 	 3.496373 
725.000000 	 3.495967 
730.000000 	 3.527077 
735.000000 	 3.523559 
740.000000 	 3.989587 
745.000000 	 3.970037 
750.000000 	 3.967154 
755.000000 	 3.943792 
760.000000 	 3.940470 
765.000000 	 3.928331 
770.000000 	 3.927574 
775.000000 	 3.924489 
780.000000 	 3.915058 
785.000000 	 3.909559 
790.000000 	 3.902486 
795.000000 	 3.904477 
800.000000 	 3.887650 
805.000000 	 3.867413 
810.000000 	 3.862451 
815.000000 	 3.855009 
820.000000 	 3.852378 
825.000000 	 3.824371 
830.000000 	 3.734826 
835.000000 	 4.695531 
840.000000 	 4.688668 
845.000000 	 4.663951 
850.000000 	 4.583605 
855.000000 	 4.577742 
860.000000 	 4.575892 
865.000000 	 4.578264 
870.000000 	 4.571835 
875.000000 	 4.568527 
880.000000 	 4.555620 
885.000000 	 4.550631 
890.000000 	 4.538076 
895.000000 	 4.533270 
900.000000 	 4.528214 
905.000000 	 4.527282 
910.000000 	 4.524623 
915.000000 	 4.520580 
920.000000 	 4.553185 
925.000000 	 4.631449 
930.000000 	 4.619653 
935.000000 	 4.614261 
940.000000 	 4.613443 
945.000000 	 4.612247 
950.000000 	 4.613091 
955.000000 	 4.613105 
960.000000 	 4.607823 
965.000000 	 4.786242 
970.000000 	 4.783631 
975.000000 	 4.783463 
980.000000 	 4.776263 
985.000000 	 4.777300 
990.000000 	 4.774153 
995.000000 	 4.673758 
1000.000000 	 4.673700 
1005.000000 	 4.664834 
1010.000000 	 4.663538 
1015.000000 	 4.664013 
1020.000000 	 4.669431 
1025.000000 	 4.661750 
1030.000000 	 4.661953 
1035.000000 	 4.659969 
1040.000000 	 4.654124 
1045.000000 	 4.650688 
1050.000000 	 4.652202 
1055.000000 	 4.648494 
1060.000000 	 4.648464 
1065.000000 	 4.647953 
1070.000000 	 4.644920 
1075.000000 	 4.643451 
1080.000000 	 4.640533 
1085.000000 	 5.130461 
1090.000000 	 5.128324 
1095.000000 	 5.127065 
1100.000000 	 5.133483 
1105.000000 	 5.138432 
1110.000000 	 5.153025 
1115.000000 	 5.151165 
1120.000000 	 5.150429 
1125.000000 	 5.149724 
1130.000000 	 5.149425 
1135.000000 	 5.146961 
1140.000000 	 5.147054 
1145.000000 	 5.201742 
1150.000000 	 5.199252 
1155.000000 	 5.200971 
1160.000000 	 5.198633 
1165.000000 	 5.197607 
1170.000000 	 5.197172 
1175.000000 	 5.191549 
1180.000000 	 5.191145 
1185.000000 	 5.176450 
1190.000000 	 5.176955 
1195.000000 	 5.175890 
1200.000000 	 5.175899 
1205.000000 	 5.178008 
1210.000000 	 5.186978 
1215.000000 	 1.706749 
1220.000000 	 1.711671 
1225.000000 	 1.711051 
1230.000000 	 1.708985 
1235.000000 	 1.705147 
1240.000000 	 1.699331 
1245.000000 	 1.696804 
1250.000000 	 1.696162 
1255.000000 	 1.698169 
1260.000000 	 1.699546 
1265.000000 	 1.691516 
1270.000000 	 1.691321 
1275.000000 	 1.682957 
1280.000000 	 4.132171 
1285.000000 	 4.129987 
1290.000000 	 4.128900 
1295.000000 	 4.127464 
1300.000000 	 4.124754 
1305.000000 	 4.125050 
1310.000000 	 4.134765 
1315.000000 	 4.115635 
1320.000000 	 4.114341 
1325.000000 	 4.110871 
1330.000000 	 4.109487 
1335.000000 	 4.109130 
1340.000000 	 4.108081 
1345.000000 	 4.107545 
1350.000000 	 4.107129 
1355.000000 	 4.106557 
1360.000000 	 4.105889 
1365.000000 	 4.107509 
1370.000000 	 4.095902 
1375.000000 	 4.093994 
1380.000000 	 4.092994 
1385.000000 	 4.100448 
1390.000000 	 4.087168 
1395.000000 	 4.084094 
1400.000000 	 4.083227 
1405.000000 	 4.082616 
1410.000000 	 4.082424 
1415.000000 	 4.079622 
1420.000000 	 4.074349 
1425.000000 	 4.073098 
1430.000000 	 4.072511 
1435.000000 	 4.100380 
1440.000000 	 3.301690 
1445.000000 	 3.301499 
1450.000000 	 3.301157 
1455.000000 	 3.300950 
1460.000000 	 3.298510 
1465.000000 	 3.296149 
1470.000000 	 3.294541 
1475.000000 	 3.224589 
1480.000000 	 3.223731 
1485.000000 	 3.223275 
1490.000000 	 3.222942 
1495.000000 	 3.222634 
1500.000000 	 3.224284 
1505.000000 	 3.220077 
1510.000000 	 3.218971 
1515.000000 	 3.218850 
1520.000000 	 3.218161 
1525.000000 	 3.221169 
1530.000000 	 3.216639 
1535.000000 	 3.216119 
1540.000000 	 3.215666 
1545.000000 	 3.216156 
1550.000000 	 3.208848 
1555.000000 	 3.208630 
1560.000000 	 3.213813 
1565.000000 	 3.197601 
1570.000000 	 3.193045 
1575.000000 	 3.192074 
1580.000000 	 3.191569 
1585.000000 	 3.188147 
1590.000000 	 3.186555 
1595.000000 	 3.186383 
1600.000000 	 3.186084 
1605.000000 	 3.186036 
1610.000000 	 3.185692 
1615.000000 	 3.185760 
1620.000000 	 3.185504 
1625.000000 	 3.185513 
1630.000000 	 3.185241 
1635.000000 	 3.185672 
1640.000000 	 3.190597 
1645.000000 	 3.184224 
1650.000000 	 3.184591 
1655.000000 	 3.182660 
1660.000000 	 3.182492 
1665.000000 	 3.181868 
1670.000000 	 3.181891 
1675.000000 	 3.181674 
1680.000000 	 3.181557 
1685.000000 	 3.181436 
1690.000000 	 3.181391 
1695.000000 	 3.181292 
1700.000000 	 3.181328 
1705.000000 	 3.191471 
1710.000000 	 3.199163 
1715.000000 	 3.190873 
1720.000000 	 3.189469 
1725.000000 	 3.188239 
1730.000000 	 3.196864 
1735.000000 	 3.196221 
1740.000000 	 3.189230 
1745.000000 	 3.187325 
1750.000000 	 3.186331 
1755.000000 	 3.185760 
1760.000000 	 3.185151 
1765.000000 	 3.184969 
1770.000000 	 3.184623 
1775.000000 	 3.184234 
1780.000000 	 3.183962 
1785.000000 	 3.183682 
1790.000000 	 3.183438 
1795.000000 	 3.183151 
1800.000000 	 3.182935 
1805.000000 	 3.182661 
1810.000000 	 3.182443 
1815.000000 	 3.182168 
1820.000000 	 3.181993 
1825.000000 	 3.181786 
1830.000000 	 3.181556 
1835.000000 	 3.180808 
1840.000000 	 3.179124 
1845.000000 	 3.178512 
1850.000000 	 3.177925 
1855.000000 	 3.178606 
1860.000000 	 3.180381 
1865.000000 	 3.173549 
1870.000000 	 3.169266 
1875.000000 	 3.168897 
1880.000000 	 3.168332 
1885.000000 	 3.168118 
1890.000000 	 3.169888 
1895.000000 	 3.164663 
1900.000000 	 3.162680 
1905.000000 	 3.156743 
1910.000000 	 3.156266 
1915.000000 	 3.153817 
1920.000000 	 3.152966 
1925.000000 	 3.153139 
1930.000000 	 3.152370 
1935.000000 	 3.151973 
1940.000000 	 3.152342 
1945.000000 	 3.175103 
1950.000000 	 3.155843 
1955.000000 	 3.141737 
1960.000000 	 3.139580 
1965.000000 	 3.138627 
1970.000000 	 3.138254 
1975.000000 	 3.137943 
1980.000000 	 3.137634 
1985.000000 	 3.137487 
1990.000000 	 3.139606 
1995.000000 	 3.138268 
2000.000000 	 3.137932 
2005.000000 	 3.137711 
2010.000000 	 3.137562 
2015.000000 	 3.137461 
2020.000000 	 3.137312 
2025.000000 	 3.138994 
2030.000000 	 3.137290 
2035.000000 	 3.136913 
2040.000000 	 3.137617 
2045.000000 	 3.137475 
2050.000000 	 3.136043 
2055.000000 	 3.138260 
2060.000000 	 3.137857 
2065.000000 	 3.136780 
2070.000000 	 3.137192 
2075.000000 	 3.136777 
2080.000000 	 3.135862 
2085.000000 	 3.135562 
2090.000000 	 3.135251 
2095.000000 	 3.135092 
2100.000000 	 3.134904 
2105.000000 	 3.134769 
2110.000000 	 3.134714 
2115.000000 	 3.134619 
2120.000000 	 3.134564 
2125.000000 	 3.134522 
2130.000000 	 3.134455 
2135.000000 	 3.134282 
2140.000000 	 3.134242 
2145.000000 	 3.134193 
2150.000000 	 3.134140 
2155.000000 	 3.134095 
2160.000000 	 3.134042 
2165.000000 	 3.133997 
2170.000000 	 3.133957 
2175.000000 	 3.133916 
2180.000000 	 3.133880 
2185.000000 	 3.130281 
2190.000000 	 3.103428 
2195.000000 	 3.103384 
2200.000000 	 3.103346 
2205.000000 	 3.103308 
2210.000000 	 3.103271 
2215.000000 	 3.103236 
2220.000000 	 3.103203 
2225.000000 	 3.103169 
2230.000000 	 3.103134 
2235.000000 	 3.103100 
2240.000000 	 3.103064 
2245.000000 	 3.103029 
2250.000000 	 3.102996 
2255.000000 	 3.102964 
2260.000000 	 3.102933 
2265.000000 	 3.102903 
2270.000000 	 3.102874 
2275.000000 	 3.102843 
2280.000000 	 3.102809 
2285.000000 	 3.102776 
2290.000000 	 3.102746 
2295.000000 	 3.102717 
2300.000000 	 3.102687 
2305.000000 	 3.102658 
2310.000000 	 3.102630 
2315.000000 	 3.102602 
2320.000000 	 3.102574 
2325.000000 	 3.102545 
2330.000000 	 3.102516 
2335.000000 	 3.102488 
2340.000000 	 3.102461 
2345.000000 	 3.102435 
2350.000000 	 3.102408 
2355.000000 	 3.105015 
2360.000000 	 3.102368 
2365.000000 	 3.103986 
2370.000000 	 3.101253 
2375.000000 	 3.099771 
2380.000000 	 3.099328 
2385.000000 	 3.099028 
2390.000000 	 3.098948 
2395.000000 	 3.098824 
2400.000000 	 3.098735 
2405.000000 	 3.098699 
2410.000000 	 3.098669 
2415.000000 	 3.098636 
2420.000000 	 3.098604 
2425.000000 	 3.098588 
2430.000000 	 3.098552 
2435.000000 	 3.098521 
2440.000000 	 3.098512 
2445.000000 	 3.098483 
2450.000000 	 3.098462 
2455.000000 	 3.098560 
2460.000000 	 3.098420 
2465.000000 	 3.098398 
2470.000000 	 3.098379 
2475.000000 	 3.098358 
2480.000000 	 3.098338 
2485.000000 	 3.098318 
2490.000000 	 3.098301 
2495.000000 	 3.098281 
2500.000000 	 3.098266 
2505.000000 	 3.098249 
2510.000000 	 3.098229 
2515.000000 	 3.098212 
2520.000000 	 3.098194 
2525.000000 	 3.098175 
2530.000000 	 3.098157 
2535.000000 	 3.099106 
2540.000000 	 3.097306 
2545.000000 	 3.096835 
2550.000000 	 3.096663 
2555.000000 	 3.096489 
2560.000000 	 3.096475 
2565.000000 	 3.096377 
2570.000000 	 3.096310 
2575.000000 	 3.100100 
2580.000000 	 3.096882 
2585.000000 	 3.095994 
2590.000000 	 3.095411 
2595.000000 	 3.095410 
2600.000000 	 3.095176 
2605.000000 	 3.095196 
2610.000000 	 3.095139 
2615.000000 	 3.095127 
2620.000000 	 2.940842 
2625.000000 	 2.940848 
2630.000000 	 2.940798 
2635.000000 	 2.940785 
2640.000000 	 2.940774 
2645.000000 	 2.940737 
2650.000000 	 2.940743 
2655.000000 	 2.940711 
2660.000000 	 2.940708 
2665.000000 	 2.940675 
2670.000000 	 2.940661 
2675.000000 	 2.940648 
2680.000000 	 2.940623 
2685.000000 	 2.940611 
2690.000000 	 2.940588 
2695.000000 	 2.940577 
2700.000000 	 2.940559 
2705.000000 	 2.940549 
2710.000000 	 2.940533 
2715.000000 	 2.940517 
2720.000000 	 2.940501 
2725.000000 	 2.940487 
2730.000000 	 2.940470 
2735.000000 	 2.940459 
2740.000000 	 2.940441 
2745.000000 	 2.940426 
2750.000000 	 2.940413 
2755.000000 	 2.940400 
2760.000000 	 2.940386 
2765.000000 	 2.940371 
2770.000000 	 2.940358 
2775.000000 	 2.940342 
2780.000000 	 2.940328 
2785.000000 	 2.940313 
2790.000000 	 2.940302 
2795.000000 	 2.940287 
2800.000000 	 2.940273 
2805.000000 	 2.940260 
2810.000000 	 2.940248 
2815.000000 	 2.940236 
2820.000000 	 2.940222 
2825.000000 	 2.940208 
2830.000000 	 2.940195 
2835.000000 	 2.940181 
2840.000000 	 2.940169 
2845.000000 	 2.940156 
2850.000000 	 2.940143 
2855.000000 	 2.940131 
2860.000000 	 2.940117 
2865.000000 	 2.940106 
2870.000000 	 2.940095 
2875.000000 	 2.940081 
2880.000000 	 2.940069 
2885.000000 	 2.940055 
2890.000000 	 2.940042 
2895.000000 	 2.940030 
2900.000000 	 2.940018 
2905.000000 	 2.940006 
2910.000000 	 2.939993 
2915.000000 	 2.939981 
2920.000000 	 2.939970 
2925.000000 	 2.939959 
2930.000000 	 2.939947 
2935.000000 	 2.939934 
2940.000000 	 2.939922 
2945.000000 	 2.939910 
2950.000000 	 2.939899 
2955.000000 	 2.939887 
2960.000000 	 2.939875 
2965.000000 	 2.939863 
2970.000000 	 2.939852 
2975.000000 	 2.939842 
2980.000000 	 2.939831 
2985.000000 	 2.939820 
2990.000000 	 2.939808 
2995.000000 	 2.939796 
3000.000000 	 2.939784 
3005.000000 	 2.939773 
3010.000000 	 2.939761 
3015.000000 	 2.939750 
3020.000000 	 2.939739 
3025.000000 	 2.939728 
3030.000000 	 2.939718 
3035.000000 	 2.939707 
3040.000000 	 2.939697 
3045.000000 	 2.939686 
3050.000000 	 2.939675 
3055.000000 	 2.945577 
3060.000000 	 2.939181 
3065.000000 	 2.937612 
3070.000000 	 2.937072 
3075.000000 	 2.937229 
3080.000000 	 2.937451 
3085.000000 	 2.937073 
3090.000000 	 2.936735 
3095.000000 	 2.936761 
3100.000000 	 2.936581 
3105.000000 	 2.936483 
3110.000000 	 2.936476 
3115.000000 	 2.936454 
3120.000000 	 2.936446 
3125.000000 	 2.936419 
3130.000000 	 2.936377 
3135.000000 	 2.936384 
3140.000000 	 2.936373 
3145.000000 	 2.936342 
3150.000000 	 2.936330 
3155.000000 	 2.936326 
3160.000000 	 2.936312 
3165.000000 	 2.936293 
3170.000000 	 2.936280 
3175.000000 	 2.936275 
3180.000000 	 2.936262 
3185.000000 	 2.936244 
3190.000000 	 2.936234 
3195.000000 	 2.936226 
3200.000000 	 2.936212 
3205.000000 	 2.936196 
3210.000000 	 2.936187 
3215.000000 	 2.936179 
3220.000000 	 2.936167 
3225.000000 	 2.936153 
3230.000000 	 2.936142 
3235.000000 	 2.936133 
3240.000000 	 2.936120 
3245.000000 	 2.936109 
3250.000000 	 2.936098 
3255.000000 	 2.936087 
3260.000000 	 2.936074 
3265.000000 	 2.936064 
3270.000000 	 2.936055 
3275.000000 	 2.936045 
3280.000000 	 2.936034 
3285.000000 	 2.936024 
3290.000000 	 2.936013 
3295.000000 	 2.936002 
3300.000000 	 2.935991 
3305.000000 	 2.935980 
3310.000000 	 2.935970 
3315.000000 	 2.935960 
3320.000000 	 2.935949 
3325.000000 	 2.935939 
3330.000000 	 2.935928 
3335.000000 	 2.935919 
3340.000000 	 2.935909 
3345.000000 	 2.935899 
3350.000000 	 2.935889 
3355.000000 	 2.935878 
3360.000000 	 2.935867 
3365.000000 	 2.935857 
3370.000000 	 2.935847 
3375.000000 	 2.935837 
3380.000000 	 2.935827 
3385.000000 	 2.935817 
3390.000000 	 2.935807 
3395.000000 	 2.935797 
3400.000000 	 2.935788 
3405.000000 	 2.935778 
3410.000000 	 2.935769 
3415.000000 	 2.935759 
3420.000000 	 2.935749 
3425.000000 	 2.935739 
3430.000000 	 2.935729 
3435.000000 	 2.935720 
3440.000000 	 2.935710 
3445.000000 	 2.935700 
3450.000000 	 2.935691 
3455.000000 	 2.935681 
3460.000000 	 2.935672 
3465.000000 	 2.935663 
3470.000000 	 2.935654 
3475.000000 	 2.935645 
3480.000000 	 2.935635 
3485.000000 	 2.935625 
3490.000000 	 2.935616 
3495.000000 	 2.935606 
3500.000000 	 2.935597 
3505.000000 	 2.935588 
3510.000000 	 2.935620 
3515.000000 	 2.941903 
3520.000000 	 2.937364 
3525.000000 	 2.938158 
3530.000000 	 2.935864 
3535.000000 	 2.934027 
3540.000000 	 2.933339 
3545.000000 	 2.932872 
3550.000000 	 2.932721 
3555.000000 	 2.932617 
3560.000000 	 2.932519 
3565.000000 	 2.932449 
3570.000000 	 2.932442 
3575.000000 	 2.932407 
3580.000000 	 2.932385 
3585.000000 	 2.932366 
3590.000000 	 2.932361 
3595.000000 	 2.932347 
3600.000000 	 2.932337 
3605.000000 	 2.932331 
3610.000000 	 2.932320 
3615.000000 	 2.932309 
3620.000000 	 2.932294 
3625.000000 	 2.932284 
3630.000000 	 2.932276 
3635.000000 	 2.932268 
3640.000000 	 2.932261 
3645.000000 	 2.932255 
3650.000000 	 2.932247 
3655.000000 	 2.932236 
3660.000000 	 2.932230 
3665.000000 	 2.932221 
3670.000000 	 2.932213 
3675.000000 	 2.932207 
3680.000000 	 2.932202 
3685.000000 	 2.932195 
3690.000000 	 2.932186 
3695.000000 	 2.932179 
3700.000000 	 2.932172 
3705.000000 	 2.932164 
3710.000000 	 2.932157 
3715.000000 	 2.932151 
3720.000000 	 2.932143 
3725.000000 	 2.932136 
3730.000000 	 2.932129 
3735.000000 	 2.932123 
3740.000000 	 2.932115 
3745.000000 	 2.932109 
3750.000000 	 2.932102 
3755.000000 	 2.932095 
3760.000000 	 2.932087 
3765.000000 	 2.932081 
3770.000000 	 2.932074 
3775.000000 	 2.932067 
3780.000000 	 2.932060 
3785.000000 	 2.932054 
3790.000000 	 2.932047 
3795.000000 	 2.932040 
3800.000000 	 2.932034 
3805.000000 	 2.932028 
3810.000000 	 2.932021 
3815.000000 	 2.932014 
3820.000000 	 2.932008 
3825.000000 	 2.932001 
3830.000000 	 2.931994 
3835.000000 	 2.931988 
3840.000000 	 2.931981 
3845.000000 	 2.931975 
3850.000000 	 2.931968 
3855.000000 	 2.931962 
3860.000000 	 2.931955 
3865.000000 	 2.931949 
3870.000000 	 2.931943 
3875.000000 	 2.931937 
3880.000000 	 2.931930 
3885.000000 	 2.931924 
3890.000000 	 2.931917 
3895.000000 	 2.931910 
3900.000000 	 2.931904 
3905.000000 	 2.931897 
3910.000000 	 2.931891 
3915.000000 	 2.931885 
3920.000000 	 2.931879 
3925.000000 	 2.931872 
3930.000000 	 2.931866 
3935.000000 	 2.931860 
3940.000000 	 2.931854 
3945.000000 	 2.931848 
3950.000000 	 2.931842 
3955.000000 	 2.931836 
3960.000000 	 2.931830 
3965.000000 	 2.931823 
3970.000000 	 2.931817 
3975.000000 	 2.931811 
3980.000000 	 2.931805 
3985.000000 	 2.931799 
3990.000000 	 2.931793 
3995.000000 	 2.931787 
4000.000000 	 2.931781 
4005.000000 	 2.931775 
4010.000000 	 2.931769 
4015.000000 	 2.931764 
4020.000000 	 2.931758 
4025.000000 	 2.931752 
4030.000000 	 2.931745 
4035.000000 	 2.931739 
4040.000000 	 2.931733 
4045.000000 	 2.931727 
4050.000000 	 2.931721 
4055.000000 	 2.931715 
4060.000000 	 2.931710 
4065.000000 	 2.931704 
4070.000000 	 2.931698 
4075.000000 	 2.931692 
4080.000000 	 2.931686 
4085.000000 	 2.931681 
4090.000000 	 2.931675 
4095.000000 	 2.931670 
4100.000000 	 2.931664 
4105.000000 	 2.931658 
4110.000000 	 2.931652 
4115.000000 	 2.931646 
4120.000000 	 2.931641 
4125.000000 	 2.931635 
4130.000000 	 2.931629 
4135.000000 	 2.931624 
4140.000000 	 2.931618 
4145.000000 	 2.931612 
4150.000000 	 2.931607 
4155.000000 	 2.931602 
4160.000000 	 2.931596 
4165.000000 	 2.931591 
4170.000000 	 2.931585 
4175.000000 	 2.931580 
4180.000000 	 2.931574 
4185.000000 	 2.931568 
4190.000000 	 2.931563 
4195.000000 	 2.931557 
4200.000000 	 2.931552 
4205.000000 	 2.931546 
4210.000000 	 2.931541 
4215.000000 	 2.931535 
4220.000000 	 2.931530 
4225.000000 	 2.931525 
4230.000000 	 2.931519 
4235.000000 	 2.931514 
4240.000000 	 2.931509 
4245.000000 	 2.931504 
4250.000000 	 2.931498 
4255.000000 	 2.931493 
4260.000000 	 2.931488 
4265.000000 	 2.931482 
4270.000000 	 2.931477 
4275.000000 	 2.931472 
4280.000000 	 2.931466 
4285.000000 	 2.931461 
4290.000000 	 2.931456 
4295.000000 	 2.931451 
4300.000000 	 2.931445 
4305.000000 	 2.931440 
4310.000000 	 2.931435 
4315.000000 	 2.931430 
4320.000000 	 2.931425 
4325.000000 	 2.931420 
4330.000000 	 2.931414 
4335.000000 	 2.931409 
4340.000000 	 2.931404 
4345.000000 	 2.931399 
4350.000000 	 2.931393 
4355.000000 	 2.931388 
4360.000000 	 2.931383 
4365.000000 	 2.931378 
4370.000000 	 2.931373 
4375.000000 	 2.931368 
4380.000000 	 2.931363 
4385.000000 	 2.931358 
4390.000000 	 2.931354 
4395.000000 	 2.931349 
4400.000000 	 2.931344 
4405.000000 	 2.931339 
4410.000000 	 2.931334 
4415.000000 	 2.931329 
4420.000000 	 2.931324 
4425.000000 	 2.931319 
4430.000000 	 2.931314 
4435.000000 	 2.931309 
4440.000000 	 2.931304 
4445.000000 	 2.931299 
4450.000000 	 2.931294 
4455.000000 	 2.931289 
4460.000000 	 2.931285 
4465.000000 	 2.931280 
4470.000000 	 2.931275 
4475.000000 	 2.931270 
4480.000000 	 2.931265 
4485.000000 	 2.931260 
4490.000000 	 2.931255 
4495.000000 	 2.931250 
4500.000000 	 2.931245 
4505.000000 	 2.931241 
4510.000000 	 2.931236 
4515.000000 	 2.931231 
4520.000000 	 2.931226 
4525.000000 	 2.931222 
4530.000000 	 2.931217 
4535.000000 	 2.931212 
4540.000000 	 2.931208 
4545.000000 	 2.931203 
4550.000000 	 2.931198 
4555.000000 	 2.931194 
4560.000000 	 2.931189 
4565.000000 	 2.931184 
4570.000000 	 2.931180 
4575.000000 	 2.931175 
4580.000000 	 2.931170 
4585.000000 	 2.931166 
4590.000000 	 2.931161 
4595.000000 	 2.931157 
4600.000000 	 2.931152 
4605.000000 	 2.931147 
4610.000000 	 2.931143 
4615.000000 	 2.931138 
4620.000000 	 2.931134 
4625.000000 	 2.931130 
4630.000000 	 2.931125 
4635.000000 	 2.931121 
4640.000000 	 2.931116 
4645.000000 	 2.931111 
4650.000000 	 2.931107 
4655.000000 	 2.931102 
4660.000000 	 2.931098 
4665.000000 	 2.931093 
4670.000000 	 2.931089 
4675.000000 	 2.931084 
4680.000000 	 2.931080 
4685.000000 	 2.931075 
4690.000000 	 2.931071 
4695.000000 	 2.931067 
4700.000000 	 2.931062 
4705.000000 	 2.931058 
4710.000000 	 2.931054 
4715.000000 	 2.931049 
4720.000000 	 2.931045 
4725.000000 	 2.931041 
4730.000000 	 2.931036 
4735.000000 	 2.931032 
4740.000000 	 2.931027 
4745.000000 	 2.931023 
4750.000000 	 2.931019 
4755.000000 	 2.931014 
4760.000000 	 2.931010 
4765.000000 	 2.931006 
4770.000000 	 2.931001 
4775.000000 	 2.930997 
4780.000000 	 2.930993 
4785.000000 	 2.930989 
4790.000000 	 2.930985 
4795.000000 	 2.930981 
4800.000000 	 2.930976 
4805.000000 	 2.930972 
4810.000000 	 2.930968 
4815.000000 	 2.930963 
4820.000000 	 2.930959 
4825.000000 	 2.930955 
4830.000000 	 2.930951 
4835.000000 	 2.930946 
4840.000000 	 2.930942 
4845.000000 	 2.930938 
4850.000000 	 2.930934 
4855.000000 	 2.930930 
4860.000000 	 2.930926 
4865.000000 	 2.930922 
4870.000000 	 2.930918 
4875.000000 	 2.930913 
4880.000000 	 2.930909 
4885.000000 	 2.930905 
4890.000000 	 2.930901 
4895.000000 	 2.930897 
4900.000000 	 2.930893 
4905.000000 	 2.930889 
4910.000000 	 2.930885 
4915.000000 	 2.930880 
4920.000000 	 2.930876 
4925.000000 	 2.930872 
4930.000000 	 2.930868 
4935.000000 	 2.930864 
4940.000000 	 2.930860 
4945.000000 	 2.930856 
4950.000000 	 2.930852 
4955.000000 	 2.930848 
4960.000000 	 2.930845 
4965.000000 	 2.930841 
4970.000000 	 2.930837 
4975.000000 	 2.930832 
4980.000000 	 2.930828 
4985.000000 	 2.930824 
4990.000000 	 2.930820 
4995.000000 	 2.930816 
